10000000101000000010110011101100
00000000000000000000000000000000
01001100101001010000000000000001
00000000000000000000000000000000
10010000110001010000000000000000
00000000000000000000000000000000
11000100110000000010000000001000
10001000000001010000000000000000
10000110011000001100010000000000
10000110100000001100010000000000
10000100001000000000011010000000
10000000010000000010110011101100
10000100011000000000000000000000
10000100100000000000000000000000
00010000000000000000000000000000
01101001111000010000000000000000
00000000000000000000000000000000
10000100001000000000011010000000
10000000010000000010110011111000
10000100011000000000000010000000
10000100100000000000000000000000
00010000000000000000000000000000
01101010000000010000000000000000
10000100001000000000011100000000
01101000010011110000000000000000
10000000011000000000000000000000
10000100100000000000110100000000
00010000000000000000000000000000
10000100001000000000011110000000
01101000010100000000000000000000
10000000011000000000000000000000
10000100100000000000100100000000
00010000000000000000000000000000
10001100101000000000000000001110
00000000000000000000000000000000
00000000000000000000000000000000
01010100101001010000000000001100
10001110001000000000000000010010
10001110010000000000000000010110
10010110011000000000000000010010
10010110100000000000000000010110
10000100001000000000011110000000
01101000010100000000000000000000
10000000011000000000000000000000
10000100100000000000010000000000
00010000000000000000000000000000
10000100001000000000011100000000
01101000010011110000000000000000
10000000011000000000000000000000
01101000100001010000000000000000
00010000000000000000000000000000
10000100001000000000011110000000
01101000010100000000000000000000
10000000011000000000000000000000
01101000100001010000000000000000
00010000000000000000000000000000
01011110001100010000000000000100
00000000000000000000000000000000
00000000000000000000000000000000
01011110001100010000000000010000
10000100001000000000011100000000
01101000010011110000000000000000
10000000011000000000000000000000
01101000100100010000000000000000
00010000000000000000000000000000
01100110001100010000000000010000
00000000000000000000000000000000
00000000000000000000000000000000
01100110001100010000000000000100
10000110110000000000100000000000
00000000000000000000000000000000
00000000000000000000000000000000
0100011011010110-000000000000001
01011110011100110000000000000100
10000101101000000000000000000000
10000101110000000000000000000000
0100010100010001-000000000000001
01011001000010000111000000000000
00000000000000000000000000000000
00000000000000000000000000000000
01101101000010000000000000001000
00000000000000000000000000000000
00000000000000000000000000000000
01100001000010001001100000000000
0100010100110010-000000000000001
00000000000000000000000000000000
00000000000000000000000000000000
01011001001010010110100000000000
00000000000000000000000000000000
00000000000000000000000000000000
01101101001010010000000000001000
00000000000000000000000000000000
00000000000000000000000000000000
01100001001010011010000000000000
01101001010010000000000000000000
00000000000000000000000000000000
00000000000000000000000000000000
01110101010010100000000000001000
01101001011010010000000000000000
00000000000000000000000000000000
00000000000000000000000000000000
01110101011010110000000000001000
01101101000010000000000000011000
00000000000000000000000000000000
00000000000000000000000000000000
01110101000010000000000000011000
01101101001010010000000000011000
00000000000000000000000000000000
00000000000000000000000000000000
01110101001010010000000000011000
01101001100010110000000000000000
00000000000000000000000000000000
00000000000000000000000000000000
01101101100011000000000000011100
00000000000000000000000000000000
00000000000000000000000000000000
01110101100011000000000000011100
00000000000000000000000000000000
00000000000000000000000000000000
01011001100011001000100000000000
00000000000000000000000000000000
00000000000000000000000000000000
01011101100011000000000000000100
01101000111011100000000000000000
01101100111001110000000000011110
00000000000000000000000000000000
00000000000000000000000000000000
01110100111001110000000000011110
00000000000000000000000000000000
00000000000000000000000000000000
01001000111001110101000000000000
00000000000000000000000000000000
00000000000000000000000000000000
01001000111001110101000000000000
00000000000000000000000000000000
00000000000000000000000000000000
01001000111001110101000000000000
00000000000000000000000000000000
00000000000000000000000000000000
01001000111001110101000000000000
01001001100011000011100000000000
11000001011101100000000011111000
10100100110000000000000000001100
01000101100011000000000000000100
10100100101000000000000000001100
01101001100010110000000000000000
00000000000000000000000000000000
00000000000000000000000000000000
01000101100011000000000000000001
00000000000000000000000000000000
00000000000000000000000000000000
01101101100011000000000000011100
00000000000000000000000000000000
00000000000000000000000000000000
01110101100011000000000000011100
00000000000000000000000000000000
00000000000000000000000000000000
01011001100011001000100000000000
00000000000000000000000000000000
00000000000000000000000000000000
01011101100011000000000000000100
00000000000000000000000000000000
00000000000000000000000000000000
01001001100011000011100000000000
01010001011001010011000000000000
00000000000000000000000000000000
00000000000000000000000000000000
01011001011010110100000000000000
01101100110001100000000000001000
00000000000000000000000000000000
00000000000000000000000000000000
01001001011010110011000000000000
10100100110000000000000000001100
00000000000000000000000000000000
00000000000000000000000000000000
01000101100011000000000000000100
00000000000000000000000000000000
00000000000000000000000000000000
10100100101000000000000000001100
01010001100001010011000000000000
00000000000000000000000000000000
00000000000000000000000000000000
01011001100011000100000000000000
01101100110001100000000000001000
00000000000000000000000000000000
00000000000000000000000000000000
01001001100011000011000000000000
01010000111011000101100000000000
00000000000000000000000000000000
00000000000000000000000000000000
01110100111001110000000000001000
00000000000000000000000000000000
00000000000000000000000000000000
01011000111001110100100000000000
00000000000000000000000000000000
00000000000000000000000000000000
01001000111001110101100000000000
00000000000000000000000000000000
00000000000000000000000000000000
01110100111001110000000000001000
00000000000000000000000000000000
00000000000000000000000000000000
10011100111011001011001000010101
01000110101101010000000000000001
11000110101100111000100011101000
01000101110011100000000000000001
00000000000000000000000000000000
00000000000000000000000000000000
11001001110100110000000001010010
01000101101011010000000000000001
00000000000000000000000000000000
00000000000000000000000000000000
11001001101101000000000001010001
10000100001000000000011110000000
01101000010100000000000000000000
10000000011000000001100101100100
01101000100101010000000000000000
00010000000000000000000000000000
10000100001000000000100000000000
01101000010011110000000000000000
00010000000000000000000000000000
10000100001000000000100000000000
01101000010100000000000000000000
00010000000000000000000000000000
10000100001000000000010100000000
00010000000000000000000000000000
10000100001000000000011110000000
01101000010100000000000000000000
10000000011000000001100101100100
01101000100101010000000000000000
00000000000000000000000000000000
00010000000000000000000000000000
10000110101000000000000000000000
01000101110011100000000000000001
00000000000000000000000000000000
00000000000000000000000000000000
11001001110100110000000001010010
01000101101011010000000000000001
00000000000000000000000000000000
00000000000000000000000000000000
11001001101101000000000001010001
11010000000000000000000011011011
01101000110001110000000000000000
01011110001100010000000000000100
01000110110101100000000000000001
00000000000000000000000000000000
00000000000000000000000000000000
01101000111101100000000000000000
00000000000000000000000000000000
00000000000000000000000000000000
01101100111001110000000000011100
00000000000000000000000000000000
00000000000000000000000000000000
01110100111001110000000000011100
00000000000000000000000000000000
00000000000000000000000000000000
01011000111001111000100000000000
0100011011010110-000000000000001
01011110001100010000000000001000
10000100001000000000011100000000
01101000010011110000000000000000
10000000011000000000000000000000
01101000100100010000000000000000
00010000000000000000000000000000
01100110001100010000000000001000
01000110110101100000000000001000
11000000110101100000000011111010
01100110001100010000000000000100
11010000000000000000000010010100
